0 0.146484 0.264648 0.080078 0.074219
0 0.388672 0.257812 0.054688 0.083984
0 0.488281 0.231445 0.052734 0.179688
0 0.791992 0.147461 0.076172 0.146484
0 0.707031 0.298828 0.058594 0.111328
0 0.746582 0.316895 0.122070 0.067383
0 0.774414 0.397949 0.193359 0.122070
0 0.730957 0.214844 0.211914 0.068359
0 0.707031 0.189941 0.117188 0.161133
0 0.689453 0.147949 0.042969 0.051758
0 0.064453 0.071777 0.056641 0.125977
0 0.028320 0.017578 0.056641 0.035156
0 0.103027 0.016113 0.040039 0.032227
0 0.148438 0.030273 0.074219 0.060547
0 0.293945 0.044922 0.148438 0.089844
0 0.264648 0.100586 0.099609 0.083984
0 0.520996 0.149902 0.118164 0.165039
0 0.410645 0.135742 0.102539 0.056641
0 0.385742 0.082520 0.050781 0.106445
0 0.467285 0.019531 0.051758 0.039062
0 0.285645 0.159180 0.075195 0.074219
0 0.367188 0.205078 0.210938 0.085938
0 0.578125 0.334473 0.068359 0.090820
0 0.545898 0.378906 0.181641 0.105469
0 0.141113 0.478516 0.106445 0.259766
0 0.309570 0.623047 0.109375 0.066406
0 0.233398 0.645508 0.142578 0.212891
0 0.268066 0.749023 0.200195 0.138672
0 0.127930 0.713867 0.105469 0.173828
0 0.662598 0.138184 0.055664 0.086914
0 0.057129 0.921875 0.086914 0.148438
0 0.690918 0.880859 0.098633 0.093750
0 0.599121 0.938965 0.149414 0.047852
0 0.624023 0.937500 0.130859 0.123047
0 0.584961 0.943359 0.095703 0.113281
0 0.719238 0.941406 0.086914 0.039062
0 0.289062 0.875000 0.115234 0.060547
0 0.383301 0.844238 0.129883 0.083008
0 0.710938 0.632324 0.115234 0.090820
0 0.773926 0.607422 0.032227 0.064453
0 0.800781 0.632812 0.066406 0.130859
0 0.797363 0.710938 0.133789 0.121094
0 0.725098 0.512695 0.153320 0.095703
0 0.479980 0.481445 0.114258 0.171875
0 0.466797 0.595703 0.121094 0.109375
0 0.641602 0.791504 0.203125 0.075195
0 0.604492 0.747070 0.232422 0.062500
0 0.543945 0.616211 0.060547 0.175781
0 0.992676 0.361328 0.012695 0.121094
0 0.935547 0.849609 0.128906 0.095703
0 0.910156 0.808594 0.082031 0.152344
0 0.845215 0.906250 0.063477 0.187500
0 0.932617 0.547363 0.091797 0.168945
0 0.974609 0.718262 0.050781 0.208008
0 0.393555 0.376953 0.089844 0.244141
0 0.351562 0.365234 0.070312 0.226562
