0 0.355957 0.463867 0.215820 0.060547
0 0.316895 0.289551 0.055664 0.083008
0 0.394043 0.140625 0.145508 0.070312
0 0.249023 0.268555 0.072266 0.175781
0 0.363281 0.206055 0.109375 0.091797
0 0.376953 0.206055 0.066406 0.119141
0 0.161621 0.079102 0.180664 0.083984
0 0.419922 0.082031 0.158203 0.052734
0 0.502441 0.247070 0.153320 0.132812
0 0.052734 0.381836 0.105469 0.105469
0 0.153320 0.555176 0.041016 0.047852
0 0.168945 0.613281 0.023438 0.023438
0 0.214844 0.538086 0.050781 0.199219
0 0.093262 0.600586 0.051758 0.050781
0 0.123047 0.606934 0.085938 0.079102
0 0.113281 0.443359 0.156250 0.167969
0 0.586914 0.626953 0.115234 0.093750
0 0.600586 0.475098 0.050781 0.157227
0 0.658203 0.397461 0.171875 0.072266
0 0.652832 0.288086 0.200195 0.091797
0 0.714844 0.316895 0.130859 0.071289
0 0.513672 0.365234 0.058594 0.164062
0 0.553711 0.378418 0.048828 0.145508
0 0.787598 0.399414 0.051758 0.156250
0 0.980469 0.149414 0.037109 0.037109
0 0.959473 0.303711 0.079102 0.033203
0 0.949707 0.359863 0.098633 0.094727
0 0.902344 0.550781 0.195312 0.115234
0 0.149414 0.010254 0.048828 0.020508
0 0.352051 0.016113 0.047852 0.032227
0 0.078125 0.545410 0.136719 0.055664
0 0.057617 0.476074 0.115234 0.075195
0 0.656738 0.113281 0.079102 0.082031
0 0.583984 0.173828 0.085938 0.181641
0 0.516113 0.159180 0.071289 0.113281
0 0.812500 0.186523 0.068359 0.087891
0 0.724609 0.137695 0.148438 0.142578
0 0.738281 0.237305 0.171875 0.207031
0 0.822266 0.100586 0.140625 0.167969
0 0.802734 0.034180 0.054688 0.068359
0 0.522461 0.056641 0.056641 0.113281
0 0.637207 0.693359 0.125977 0.218750
0 0.645996 0.772461 0.165039 0.126953
0 0.520020 0.822754 0.090820 0.086914
0 0.654785 0.026367 0.040039 0.052734
0 0.636719 0.043457 0.152344 0.086914
0 0.891602 0.714844 0.052734 0.156250
0 0.794922 0.766602 0.150391 0.154297
0 0.984863 0.854004 0.028320 0.043945
0 0.819336 0.831055 0.228516 0.091797
0 0.643555 0.974609 0.044922 0.048828
0 0.600098 0.973145 0.040039 0.051758
0 0.716797 0.990234 0.031250 0.019531
0 0.533203 0.931641 0.054688 0.136719
0 0.409180 0.939453 0.208984 0.078125
0 0.662598 0.930176 0.278320 0.071289
0 0.973145 0.978516 0.051758 0.041016
0 0.933594 0.949707 0.130859 0.098633
0 0.822266 0.960938 0.097656 0.078125
0 0.876953 0.964355 0.046875 0.036133
0 0.833984 0.893555 0.056641 0.089844
0 0.890625 0.885742 0.058594 0.044922
0 0.978516 0.878906 0.042969 0.029297
0 0.073242 0.820312 0.146484 0.050781
0 0.201172 0.801758 0.132812 0.048828
0 0.165527 0.784668 0.211914 0.122070
0 0.049805 0.873535 0.099609 0.071289
0 0.252930 0.984375 0.029297 0.029297
0 0.252441 0.893555 0.122070 0.158203
0 0.286133 0.943848 0.054688 0.110352
0 0.040039 0.984375 0.076172 0.031250
0 0.078125 0.955078 0.146484 0.087891
