0 0.518555 0.387207 0.128906 0.127930
0 0.383301 0.681641 0.141602 0.089844
0 0.408691 0.229004 0.045898 0.077148
0 0.822754 0.893555 0.182617 0.078125
0 0.365723 0.207031 0.038086 0.074219
0 0.309570 0.355469 0.234375 0.062500
0 0.788574 0.440918 0.192383 0.077148
0 0.532227 0.221680 0.177734 0.054688
0 0.687500 0.313965 0.177734 0.165039
0 0.887207 0.082031 0.075195 0.080078
0 0.486816 0.802246 0.102539 0.047852
0 0.238770 0.435547 0.145508 0.125000
0 0.772949 0.852051 0.166992 0.041992
0 0.832520 0.181641 0.100586 0.039062
0 0.129883 0.615723 0.089844 0.077148
0 0.584473 0.096680 0.055664 0.089844
0 0.763184 0.704590 0.163086 0.065430
0 0.403809 0.410156 0.147461 0.082031
0 0.265625 0.653320 0.062500 0.082031
0 0.548828 0.286621 0.054688 0.108398
0 0.954590 0.355469 0.090820 0.072266
0 0.888672 0.477051 0.222656 0.200195
0 0.464844 0.558105 0.070312 0.137695
0 0.731934 0.465820 0.075195 0.113281
0 0.410645 0.046875 0.112305 0.089844
0 0.594727 0.300781 0.056641 0.052734
0 0.900879 0.622070 0.198242 0.234375
0 0.370605 0.486816 0.147461 0.120117
0 0.475586 0.339844 0.144531 0.060547
0 0.550781 0.738281 0.072266 0.056641
0 0.405273 0.130371 0.136719 0.079102
0 0.636719 0.084473 0.070312 0.090820
0 0.028320 0.066895 0.056641 0.129883
0 0.324707 0.153320 0.059570 0.062500
0 0.692383 0.066895 0.101562 0.088867
0 0.203125 0.469727 0.152344 0.060547
0 0.086914 0.383789 0.173828 0.039062
0 0.104492 0.307129 0.060547 0.075195
0 0.338867 0.309570 0.109375 0.052734
0 0.373535 0.857422 0.202148 0.089844
0 0.040039 0.230469 0.080078 0.136719
0 0.585938 0.857910 0.048828 0.141602
0 0.937500 0.701172 0.125000 0.107422
0 0.488281 0.036133 0.044922 0.070312
0 0.196777 0.026855 0.065430 0.049805
0 0.804199 0.274902 0.129883 0.129883
0 0.129395 0.437500 0.110352 0.056641
0 0.690430 0.245605 0.183594 0.165039
0 0.649902 0.905762 0.084961 0.092773
0 0.315918 0.046875 0.118164 0.089844
0 0.335938 0.394043 0.078125 0.043945
0 0.910645 0.097656 0.178711 0.136719
0 0.181641 0.190918 0.330078 0.157227
0 0.295898 0.080566 0.052734 0.041992
0 0.754395 0.599609 0.059570 0.080078
0 0.040527 0.186035 0.077148 0.108398
