0 0.080566 0.165527 0.069336 0.063477
0 0.233887 0.069824 0.053711 0.047852
0 0.552734 0.040039 0.070312 0.054688
0 0.715820 0.029785 0.054688 0.043945
0 0.947754 0.109863 0.077148 0.083008
0 0.747559 0.187012 0.079102 0.043945
0 0.863281 0.181152 0.041016 0.043945
0 0.955566 0.317871 0.079102 0.043945
0 0.919922 0.244141 0.037109 0.039062
0 0.830566 0.283203 0.047852 0.050781
0 0.773438 0.282715 0.042969 0.051758
0 0.729492 0.370117 0.050781 0.035156
0 0.660645 0.294922 0.041992 0.031250
0 0.578613 0.290039 0.047852 0.064453
0 0.487793 0.213379 0.047852 0.049805
0 0.483887 0.264648 0.083008 0.044922
0 0.392578 0.212891 0.054688 0.031250
0 0.404297 0.328613 0.042969 0.034180
0 0.349609 0.285645 0.064453 0.038086
0 0.321777 0.256348 0.063477 0.036133
0 0.242676 0.334473 0.047852 0.061523
0 0.271484 0.351074 0.033203 0.040039
0 0.204590 0.324219 0.040039 0.031250
0 0.045898 0.292480 0.050781 0.065430
0 0.062988 0.388184 0.063477 0.073242
0 0.931152 0.728516 0.096680 0.083984
0 0.932129 0.866211 0.090820 0.078125
0 0.876465 0.904297 0.059570 0.085938
0 0.764648 0.683594 0.060547 0.035156
0 0.724609 0.605957 0.083984 0.055664
0 0.692871 0.794922 0.073242 0.052734
0 0.605957 0.770996 0.079102 0.073242
0 0.567871 0.709473 0.094727 0.081055
0 0.571289 0.630859 0.078125 0.074219
0 0.510254 0.575195 0.151367 0.042969
0 0.463379 0.663086 0.125977 0.070312
0 0.342285 0.540039 0.051758 0.048828
0 0.252930 0.575684 0.046875 0.034180
0 0.448730 0.739746 0.071289 0.053711
0 0.486816 0.879883 0.063477 0.033203
0 0.533691 0.897461 0.034180 0.035156
0 0.650391 0.883789 0.039062 0.025391
0 0.377930 0.863281 0.025391 0.037109
0 0.346680 0.755371 0.044922 0.047852
0 0.157715 0.691406 0.045898 0.056641
0 0.142090 0.778809 0.098633 0.079102
0 0.171387 0.833496 0.043945 0.045898
0 0.202148 0.890137 0.046875 0.061523
0 0.647461 0.391113 0.060547 0.065430
0 0.569824 0.868652 0.043945 0.055664
0 0.684082 0.631348 0.055664 0.040039
0 0.639648 0.333984 0.041016 0.029297
0 0.696777 0.223633 0.038086 0.027344
0 0.132324 0.325684 0.047852 0.057617
0 0.943848 0.023926 0.055664 0.036133
0 0.979492 0.698730 0.031250 0.041992
0 0.680176 0.926758 0.069336 0.048828
0 0.580078 0.590332 0.042969 0.034180
0 0.368164 0.752930 0.035156 0.050781
0 0.198730 0.833496 0.026367 0.045898
