0 0.856445 0.351562 0.080078 0.093750
0 0.773438 0.427246 0.087891 0.067383
0 0.964355 0.297852 0.069336 0.074219
0 0.778320 0.257324 0.107422 0.129883
0 0.656250 0.465820 0.093750 0.078125
0 0.572754 0.511230 0.088867 0.122070
0 0.959473 0.560059 0.075195 0.233398
0 0.591797 0.366211 0.082031 0.070312
0 0.499512 0.337402 0.147461 0.100586
0 0.287598 0.264648 0.104492 0.125000
0 0.303711 0.254395 0.111328 0.192383
0 0.446289 0.405273 0.103516 0.089844
0 0.536621 0.420410 0.088867 0.061523
0 0.401367 0.371582 0.130859 0.086914
0 0.622070 0.152832 0.064453 0.081055
0 0.604980 0.194336 0.149414 0.044922
0 0.547363 0.041504 0.151367 0.083008
0 0.160645 0.100586 0.071289 0.201172
0 0.417969 0.077637 0.085938 0.153320
0 0.360352 0.051270 0.062500 0.100586
0 0.429688 0.145508 0.085938 0.064453
0 0.390625 0.208496 0.115234 0.233398
0 0.483398 0.684082 0.082031 0.083008
0 0.460449 0.572754 0.135742 0.073242
0 0.652832 0.842773 0.079102 0.111328
0 0.718262 0.859863 0.104492 0.100586
0 0.819824 0.848633 0.184570 0.167969
0 0.875000 0.880371 0.125000 0.073242
0 0.850098 0.762207 0.071289 0.049805
0 0.230469 0.954590 0.066406 0.090820
0 0.222168 0.810547 0.045898 0.068359
0 0.295410 0.394043 0.178711 0.110352
0 0.637207 0.939453 0.051758 0.050781
0 0.610352 0.983398 0.058594 0.033203
0 0.549316 0.304199 0.061523 0.049805
0 0.654785 0.036133 0.053711 0.070312
0 0.607422 0.113281 0.173828 0.130859
0 0.510254 0.625977 0.069336 0.068359
0 0.101562 0.032227 0.056641 0.058594
0 0.595215 0.467285 0.036133 0.045898
0 0.968262 0.247559 0.063477 0.057617
0 0.533691 0.987793 0.045898 0.024414
0 0.534668 0.987793 0.043945 0.024414
0 0.575195 0.972656 0.046875 0.054688
