0 0.021484 0.575195 0.042969 0.066406
0 0.689453 0.395996 0.066406 0.102539
0 0.539062 0.468750 0.056641 0.052734
0 0.847656 0.321289 0.089844 0.089844
0 0.132324 0.479980 0.124023 0.075195
0 0.953613 0.449219 0.077148 0.066406
0 0.980957 0.147461 0.038086 0.058594
0 0.986328 0.187988 0.027344 0.047852
0 0.537598 0.221680 0.057617 0.101562
0 0.217285 0.977051 0.057617 0.043945
0 0.069336 0.237305 0.105469 0.117188
0 0.152344 0.607910 0.074219 0.083008
0 0.548340 0.890625 0.065430 0.078125
0 0.401855 0.307129 0.149414 0.059570
0 0.972656 0.960449 0.054688 0.075195
0 0.405273 0.835938 0.048828 0.056641
0 0.366699 0.859863 0.040039 0.036133
0 0.462891 0.203125 0.101562 0.093750
0 0.682129 0.680176 0.104492 0.069336
0 0.202148 0.312988 0.089844 0.079102
0 0.836914 0.244141 0.087891 0.052734
0 0.531738 0.379395 0.092773 0.077148
0 0.282715 0.926758 0.098633 0.056641
0 0.513672 0.818848 0.056641 0.051758
0 0.742188 0.055176 0.060547 0.049805
0 0.600586 0.775391 0.130859 0.078125
0 0.535156 0.295410 0.089844 0.057617
0 0.089844 0.743164 0.064453 0.085938
0 0.537598 0.556641 0.069336 0.082031
0 0.462891 0.768066 0.058594 0.041992
0 0.668945 0.737793 0.107422 0.067383
0 0.887207 0.846680 0.061523 0.160156
0 0.655762 0.509277 0.067383 0.053711
0 0.266602 0.603516 0.109375 0.109375
