0 0.294922 0.173828 0.074219 0.058594
0 0.330078 0.211426 0.037109 0.038086
0 0.091797 0.018066 0.082031 0.036133
0 0.961426 0.820801 0.077148 0.110352
0 0.253906 0.091309 0.066406 0.092773
0 0.329590 0.252441 0.061523 0.061523
0 0.467773 0.948730 0.070312 0.098633
0 0.933594 0.625977 0.125000 0.130859
0 0.037109 0.220215 0.074219 0.102539
0 0.265137 0.502441 0.092773 0.094727
0 0.476074 0.617188 0.086914 0.068359
0 0.733398 0.332031 0.046875 0.062500
0 0.782227 0.497559 0.074219 0.108398
0 0.704590 0.205078 0.057617 0.060547
0 0.577148 0.210938 0.097656 0.089844
0 0.788086 0.319824 0.085938 0.100586
0 0.680176 0.452148 0.184570 0.056641
0 0.033691 0.603027 0.067383 0.108398
0 0.494141 0.538574 0.064453 0.077148
0 0.395508 0.563965 0.164062 0.065430
0 0.093262 0.542480 0.079102 0.049805
0 0.027832 0.707520 0.055664 0.069336
0 0.067383 0.237793 0.089844 0.174805
0 0.029297 0.163574 0.054688 0.055664
0 0.711914 0.966797 0.068359 0.066406
0 0.874512 0.921387 0.079102 0.155273
0 0.659180 0.960449 0.126953 0.065430
0 0.884766 0.252441 0.052734 0.063477
0 0.664062 0.820312 0.154297 0.160156
0 0.083008 0.066895 0.125000 0.063477
0 0.065918 0.885742 0.131836 0.082031
0 0.445801 0.138672 0.067383 0.046875
0 0.963379 0.150879 0.067383 0.071289
0 0.865234 0.297852 0.072266 0.068359
0 0.929688 0.533203 0.111328 0.054688
0 0.476074 0.032227 0.096680 0.064453
0 0.117188 0.288086 0.062500 0.083984
0 0.946777 0.586426 0.073242 0.073242
0 0.262695 0.259277 0.083984 0.053711
0 0.735840 0.645508 0.096680 0.066406
0 0.448730 0.085938 0.139648 0.095703
0 0.374512 0.315430 0.092773 0.050781
0 0.900391 0.702148 0.136719 0.169922
0 0.830566 0.196777 0.096680 0.073242
0 0.703125 0.148926 0.052734 0.063477
0 0.295898 0.228516 0.078125 0.058594
0 0.924316 0.106445 0.065430 0.095703
0 0.525391 0.754883 0.054688 0.103516
0 0.881348 0.499023 0.090820 0.041016
0 0.101562 0.592285 0.095703 0.069336
0 0.106445 0.353027 0.070312 0.065430
0 0.375488 0.361328 0.155273 0.066406
0 0.687500 0.514648 0.062500 0.093750
