0 0.690430 0.060547 0.035156 0.060547
0 0.737305 0.080078 0.082031 0.126953
0 0.926270 0.217285 0.100586 0.192383
0 0.706543 0.199219 0.049805 0.068359
0 0.729492 0.387207 0.050781 0.229492
0 0.670410 0.366211 0.071289 0.101562
0 0.634766 0.444824 0.048828 0.043945
0 0.836914 0.464355 0.085938 0.118164
0 0.797363 0.539551 0.084961 0.122070
0 0.523438 0.525391 0.099609 0.082031
0 0.717773 0.618164 0.125000 0.126953
0 0.847656 0.700684 0.212891 0.069336
0 0.723633 0.637695 0.242188 0.080078
0 0.917969 0.542969 0.052734 0.060547
0 0.961914 0.562988 0.041016 0.065430
0 0.845703 0.652832 0.054688 0.045898
0 0.905273 0.644043 0.072266 0.059570
0 0.974121 0.695312 0.049805 0.091797
0 0.976562 0.769043 0.046875 0.086914
0 0.766113 0.728027 0.045898 0.045898
0 0.648926 0.701660 0.086914 0.051758
0 0.578125 0.764160 0.119141 0.077148
0 0.434082 0.674316 0.032227 0.137695
0 0.356934 0.592773 0.057617 0.042969
0 0.247070 0.608887 0.064453 0.067383
0 0.394531 0.404785 0.056641 0.047852
0 0.369141 0.469727 0.085938 0.148438
0 0.275391 0.421387 0.039062 0.088867
0 0.288086 0.357422 0.179688 0.054688
0 0.989258 0.292969 0.021484 0.035156
0 0.475586 0.812012 0.076172 0.151367
0 0.661621 0.835938 0.065430 0.042969
0 0.631836 0.856445 0.054688 0.056641
0 0.934082 0.892578 0.129883 0.142578
0 0.950195 0.972656 0.099609 0.054688
0 0.924316 0.901367 0.061523 0.197266
0 0.906738 0.942871 0.094727 0.112305
0 0.855469 0.949219 0.064453 0.097656
0 0.787598 0.950195 0.083008 0.095703
0 0.332031 0.972168 0.076172 0.055664
0 0.063477 0.953613 0.126953 0.073242
0 0.063477 0.832031 0.107422 0.152344
0 0.098633 0.874512 0.058594 0.090820
0 0.192871 0.677246 0.040039 0.034180
0 0.005859 0.670410 0.011719 0.137695
0 0.069336 0.532227 0.066406 0.054688
0 0.028809 0.402344 0.057617 0.056641
0 0.045410 0.344238 0.040039 0.051758
0 0.092285 0.381348 0.118164 0.063477
0 0.177246 0.319824 0.038086 0.067383
0 0.144531 0.306152 0.033203 0.049805
0 0.194336 0.251953 0.039062 0.050781
0 0.084473 0.287109 0.168945 0.101562
0 0.135254 0.208008 0.061523 0.056641
0 0.304199 0.298828 0.120117 0.058594
0 0.428223 0.144531 0.071289 0.066406
0 0.277832 0.191406 0.043945 0.039062
0 0.194824 0.145508 0.036133 0.048828
0 0.061035 0.165527 0.116211 0.245117
0 0.300781 0.095215 0.048828 0.077148
0 0.274414 0.035156 0.042969 0.037109
0 0.433594 0.010254 0.082031 0.020508
0 0.058105 0.020996 0.061523 0.041992
