0 0.688477 0.428711 0.076172 0.074219
0 0.044922 0.902832 0.078125 0.075195
0 0.735352 0.280273 0.109375 0.091797
0 0.659668 0.089355 0.083008 0.061523
0 0.735352 0.646973 0.064453 0.053711
0 0.844238 0.842773 0.075195 0.078125
0 0.572266 0.564941 0.091797 0.088867
0 0.367676 0.652832 0.079102 0.065430
0 0.954102 0.597168 0.072266 0.092773
0 0.040039 0.617676 0.080078 0.114258
0 0.873535 0.301270 0.075195 0.083008
0 0.833984 0.539551 0.076172 0.061523
0 0.636230 0.958008 0.094727 0.080078
0 0.556152 0.341309 0.104492 0.104492
0 0.306152 0.390137 0.079102 0.065430
0 0.581055 0.736328 0.101562 0.095703
0 0.590332 0.066895 0.069336 0.049805
0 0.149902 0.958008 0.098633 0.083984
0 0.388672 0.136719 0.109375 0.093750
0 0.207520 0.658691 0.116211 0.120117
0 0.904297 0.436035 0.121094 0.100586
0 0.444824 0.595703 0.155273 0.083984
0 0.698730 0.546875 0.061523 0.093750
0 0.294434 0.966309 0.098633 0.067383
0 0.718750 0.721191 0.099609 0.079102
0 0.666504 0.875488 0.088867 0.063477
0 0.117188 0.459473 0.097656 0.096680
0 0.104492 0.326172 0.091797 0.085938
0 0.520508 0.196289 0.076172 0.089844
0 0.073730 0.128418 0.114258 0.088867
0 0.510254 0.037109 0.075195 0.060547
0 0.472656 0.758301 0.068359 0.067383
